104,4
104,3
104,2
104,1
104,0
103,3
103,2
103,1
103,0
0,516
102,4
102,3
102,2
102,1
102,0
101,3
101,2
0,515
0,472
101,1
101,0
100,4
100,3
100,2
100,1
100,0
99,3
99,2
99,1
99,0
98,4
98,3
98,2
98,1
98,0
97,3
97,2
97,1
97,0
96,4
96,3
96,2
96,1
96,0
95,3
95,2
95,1
95,0
94,4
94,3
94,2
94,1
94,0
93,3
93,2
93,1
93,0
92,4
92,3
92,2
92,1
92,0
91,3
91,2
91,1
91,0
90,4
90,3
90,2
90,1
90,0
89,3
89,2
89,1
89,0
0,278
0,9
0,273
0,270
3,2
3,1
3,3
10,285
10,83
10,205
10,131
10,207
10,275
10,197
10,1
10,289
10,2
10,3
11,12
11,8
11,6
11,9
11,10
11,7
11,1
11,13
11,2
11,3
9,7
9,1
9,5
9,2
9,3
8,7
8,6
8,8
8,9
8,4
8,1
8,10
